0219
Légende
Limites parcellaires du
projet
AV
AB
AR
0488
0487
0010
0010
0857
0855
0855
0857
0040
0039
0089
0092
0039
0089
0093
0038
0090 0091
0094
0094
0095
0096
0093
0097
0098
0097
0098
0099
0100
0101
0436
0486
0003
0847
0009
0006
0007
0008
0842
0844
AR
0009
6474
0874
0011
0882
0885
0013
0437
0014
0173
0173
0232
0233
654
H
AB
0849.
0848
0856
0850 0850
0875
0875
0867
0858
0858
AB
670
0670
0871
0870
0876
AR
0172
AB
AR
0211
LA PIERRE QUI TOURNE
AR
0030
0035
0035
0031
0029
0034
0036
0029
0031003230034
a
0040040
0073
0103
0102
0:0210
0072
0132
0131
0132
0131
0130
0103
0104
0104
0109
0112
0110
0105
0108
0111
0106 0107
0108
0109
0110
0111
0112
AB
LA PIERRE QUI TOURNE
AB
375
375
0037
0037
003838
0039
o
0075
0041
°
0
0085
0078
000082
00880087
0072
0074
0070
0086
0076
0076
0071
0072
0084
0079
0071
0069
0083
0513
0089 0513 0512
0106
0080
0077
08720514155 009300920900
0518
0518
0873
0877
01:11
0112
0073
00665
0062
0042
0901
0045
92
0046
cesa
0898
0068
0059
0898
0067
0900
00640060
0896
0895
0899
0897890
0104
0107
0519-
0107
0109
0519
0110
0103
01177
0113
0125
0114
012828
0116
0125 0127
0131
0132
0115
o Culbut
0103
0118
0099
010100
0099
0119
012222
0108
0119 120
0126
0120
0144
0098
0097 0098
0101
0102
0143
0121
139
0138117
0483
0136
0484
0136
0401
0881
0883-
0884
0868
0516
0517
0864
0023
0869
0863
0868
0879
0865
0520
0520
0521
0866
00160017 0018
001919
0020
0021
0154
0154
0156
0158
decade
ŒEUILLY
PHASE ETUDE
0152
0159
(0145
0141
0140
0140
0151
0150
014919
0148
00147
D
0406
0404
0888
0886
0053
0889
0054
0054
0381
0400
0401
0050
0403
0050
0405
0407
Annexe 3 - Plan cadastral
0051
0887
0887
0218
0216
AB
635
0048
0048
0222
0221
0222
0220
0219
0914
0217
0217
0912
0912
0913
AB
0388
0215
0214
0224
0214
0170
0170
09155
0388
0227
0227
0240
0240
0239
0226
0223
0223
0229 229
0129
0129
0113
0113
0114
0114
0222
0168
AB
AB
0238
0237
0236
0237
0235
0854
ECHELLE :
1:500
DATE
08/09/2025
NUMERO
3
